##SEIR model beta=gamma*R0(t), gamma=0.2000 alpha=0.2000, R0min=0.80, R0max=2.00  produced by macroInfection[.cpp]
#time[days]	S	E	I	R	R0
0.0000	0.9980	0.0010	0.0010	0.0000	1.7162
1.0000	0.9977	0.0011	0.0010	0.0002	1.7074
2.0000	0.9973	0.0012	0.0010	0.0004	1.6985
3.0000	0.9969	0.0013	0.0011	0.0006	1.6895
4.0000	0.9966	0.0014	0.0011	0.0008	1.6804
5.0000	0.9962	0.0015	0.0012	0.0011	1.6712
6.0000	0.9958	0.0016	0.0013	0.0013	1.6620
7.0000	0.9953	0.0017	0.0014	0.0016	1.6527
8.0000	0.9949	0.0018	0.0014	0.0019	1.6433
9.0000	0.9944	0.0019	0.0015	0.0022	1.6338
10.0000	0.9939	0.0020	0.0016	0.0025	1.6242
11.0000	0.9934	0.0022	0.0017	0.0028	1.6146
12.0000	0.9928	0.0023	0.0018	0.0031	1.6049
13.0000	0.9922	0.0024	0.0019	0.0035	1.5952
14.0000	0.9916	0.0025	0.0020	0.0039	1.5854
15.0000	0.9910	0.0026	0.0021	0.0043	1.5756
16.0000	0.9903	0.0028	0.0022	0.0047	1.5657
17.0000	0.9896	0.0029	0.0023	0.0052	1.5557
18.0000	0.9889	0.0030	0.0024	0.0057	1.5457
19.0000	0.9881	0.0032	0.0026	0.0062	1.5357
20.0000	0.9873	0.0033	0.0027	0.0067	1.5256
21.0000	0.9865	0.0035	0.0028	0.0072	1.5155
22.0000	0.9856	0.0036	0.0029	0.0078	1.5053
23.0000	0.9847	0.0038	0.0031	0.0084	1.4951
24.0000	0.9838	0.0039	0.0032	0.0090	1.4849
25.0000	0.9828	0.0041	0.0034	0.0097	1.4747
26.0000	0.9818	0.0043	0.0035	0.0104	1.4644
27.0000	0.9808	0.0044	0.0037	0.0111	1.4542
28.0000	0.9798	0.0046	0.0038	0.0119	1.4439
29.0000	0.9787	0.0047	0.0040	0.0126	1.4336
30.0000	0.9775	0.0049	0.0041	0.0134	1.4232
31.0000	0.9763	0.0051	0.0043	0.0143	1.4129
32.0000	0.9751	0.0053	0.0044	0.0152	1.4026
33.0000	0.9739	0.0054	0.0046	0.0161	1.3923
34.0000	0.9726	0.0056	0.0048	0.0170	1.3819
35.0000	0.9713	0.0058	0.0049	0.0180	1.3716
36.0000	0.9700	0.0059	0.0051	0.0190	1.3613
37.0000	0.9686	0.0061	0.0053	0.0200	1.3510
38.0000	0.9672	0.0063	0.0054	0.0211	1.3407
39.0000	0.9658	0.0064	0.0056	0.0222	1.3304
40.0000	0.9644	0.0066	0.0058	0.0233	1.3202
41.0000	0.9629	0.0067	0.0059	0.0245	1.3100
42.0000	0.9614	0.0069	0.0061	0.0257	1.2998
43.0000	0.9598	0.0070	0.0062	0.0269	1.2896
44.0000	0.9583	0.0072	0.0064	0.0282	1.2795
45.0000	0.9567	0.0073	0.0065	0.0295	1.2694
46.0000	0.9551	0.0074	0.0067	0.0308	1.2593
47.0000	0.9535	0.0076	0.0068	0.0321	1.2493
48.0000	0.9518	0.0077	0.0070	0.0335	1.2393
49.0000	0.9502	0.0078	0.0071	0.0349	1.2294
50.0000	0.9485	0.0079	0.0073	0.0364	1.2195
51.0000	0.9468	0.0080	0.0074	0.0378	1.2097
52.0000	0.9451	0.0081	0.0075	0.0393	1.1999
53.0000	0.9434	0.0082	0.0076	0.0408	1.1902
54.0000	0.9417	0.0083	0.0077	0.0424	1.1806
55.0000	0.9399	0.0083	0.0078	0.0439	1.1710
56.0000	0.9382	0.0084	0.0079	0.0455	1.1615
57.0000	0.9365	0.0084	0.0080	0.0471	1.1520
58.0000	0.9347	0.0085	0.0081	0.0487	1.1427
59.0000	0.9330	0.0085	0.0082	0.0503	1.1334
60.0000	0.9313	0.0085	0.0082	0.0520	1.1242
61.0000	0.9295	0.0086	0.0083	0.0536	1.1150
62.0000	0.9278	0.0086	0.0083	0.0553	1.1060
63.0000	0.9261	0.0086	0.0084	0.0570	1.0970
64.0000	0.9244	0.0086	0.0084	0.0586	1.0882
65.0000	0.9227	0.0085	0.0084	0.0603	1.0794
66.0000	0.9210	0.0085	0.0084	0.0620	1.0707
67.0000	0.9194	0.0085	0.0085	0.0637	1.0621
68.0000	0.9177	0.0084	0.0085	0.0654	1.0536
69.0000	0.9161	0.0084	0.0084	0.0671	1.0452
70.0000	0.9145	0.0083	0.0084	0.0688	1.0370
71.0000	0.9129	0.0083	0.0084	0.0704	1.0288
72.0000	0.9113	0.0082	0.0084	0.0721	1.0207
73.0000	0.9098	0.0081	0.0083	0.0738	1.0128
74.0000	0.9082	0.0080	0.0083	0.0755	1.0050
75.0000	0.9067	0.0079	0.0082	0.0771	0.9972
76.0000	0.9053	0.0078	0.0082	0.0787	0.9896
77.0000	0.9038	0.0077	0.0081	0.0804	0.9822
78.0000	0.9024	0.0076	0.0080	0.0820	0.9748
79.0000	0.9010	0.0075	0.0079	0.0836	0.9676
80.0000	0.8996	0.0074	0.0079	0.0852	0.9605
81.0000	0.8982	0.0073	0.0078	0.0867	0.9535
82.0000	0.8969	0.0072	0.0077	0.0883	0.9467
83.0000	0.8956	0.0070	0.0076	0.0898	0.9400
84.0000	0.8944	0.0069	0.0074	0.0913	0.9334
85.0000	0.8931	0.0068	0.0073	0.0928	0.9270
86.0000	0.8919	0.0066	0.0072	0.0942	0.9207
87.0000	0.8908	0.0065	0.0071	0.0956	0.9146
88.0000	0.8896	0.0063	0.0070	0.0971	0.9086
89.0000	0.8885	0.0062	0.0068	0.0984	0.9027
90.0000	0.8874	0.0061	0.0067	0.0998	0.8970
91.0000	0.8864	0.0059	0.0066	0.1011	0.8915
92.0000	0.8853	0.0058	0.0065	0.1024	0.8861
93.0000	0.8843	0.0056	0.0063	0.1037	0.8808
94.0000	0.8834	0.0055	0.0062	0.1050	0.8757
95.0000	0.8824	0.0054	0.0060	0.1062	0.8708
96.0000	0.8815	0.0052	0.0059	0.1074	0.8660
97.0000	0.8806	0.0051	0.0058	0.1085	0.8614
98.0000	0.8797	0.0049	0.0056	0.1097	0.8569
99.0000	0.8789	0.0048	0.0055	0.1108	0.8526
100.0000	0.8781	0.0047	0.0054	0.1119	0.8484
101.0000	0.8773	0.0045	0.0052	0.1129	0.8444
102.0000	0.8765	0.0044	0.0051	0.1140	0.8406
103.0000	0.8758	0.0043	0.0049	0.1150	0.8370
104.0000	0.8751	0.0041	0.0048	0.1160	0.8335
105.0000	0.8744	0.0040	0.0047	0.1169	0.8302
106.0000	0.8737	0.0039	0.0046	0.1178	0.8270
107.0000	0.8731	0.0038	0.0044	0.1187	0.8240
108.0000	0.8724	0.0037	0.0043	0.1196	0.8212
109.0000	0.8718	0.0035	0.0042	0.1204	0.8186
110.0000	0.8713	0.0034	0.0040	0.1213	0.8161
111.0000	0.8707	0.0033	0.0039	0.1221	0.8138
112.0000	0.8701	0.0032	0.0038	0.1228	0.8117
113.0000	0.8696	0.0031	0.0037	0.1236	0.8098
114.0000	0.8691	0.0030	0.0036	0.1243	0.8080
115.0000	0.8686	0.0029	0.0035	0.1250	0.8064
116.0000	0.8681	0.0028	0.0034	0.1257	0.8050
117.0000	0.8677	0.0027	0.0033	0.1264	0.8038
118.0000	0.8672	0.0026	0.0031	0.1270	0.8027
119.0000	0.8668	0.0025	0.0030	0.1276	0.8018
120.0000	0.8664	0.0025	0.0029	0.1282	0.8011
121.0000	0.8660	0.0024	0.0029	0.1288	0.8006
122.0000	0.8656	0.0023	0.0028	0.1294	0.8002
123.0000	0.8652	0.0022	0.0027	0.1299	0.8000
124.0000	0.8648	0.0022	0.0026	0.1304	0.8000
125.0000	0.8645	0.0021	0.0025	0.1309	0.8002
126.0000	0.8642	0.0020	0.0024	0.1314	0.8006
127.0000	0.8638	0.0019	0.0023	0.1319	0.8011
128.0000	0.8635	0.0019	0.0023	0.1324	0.8018
129.0000	0.8632	0.0018	0.0022	0.1328	0.8027
130.0000	0.8629	0.0018	0.0021	0.1332	0.8038
131.0000	0.8626	0.0017	0.0020	0.1336	0.8050
132.0000	0.8623	0.0016	0.0020	0.1340	0.8064
133.0000	0.8621	0.0016	0.0019	0.1344	0.8080
134.0000	0.8618	0.0015	0.0018	0.1348	0.8098
135.0000	0.8615	0.0015	0.0018	0.1352	0.8117
136.0000	0.8613	0.0014	0.0017	0.1355	0.8138
137.0000	0.8611	0.0014	0.0017	0.1359	0.8161
138.0000	0.8608	0.0014	0.0016	0.1362	0.8186
139.0000	0.8606	0.0013	0.0016	0.1365	0.8212
140.0000	0.8604	0.0013	0.0015	0.1368	0.8240
141.0000	0.8602	0.0012	0.0015	0.1371	0.8270
142.0000	0.8600	0.0012	0.0014	0.1374	0.8302
143.0000	0.8598	0.0012	0.0014	0.1377	0.8335
144.0000	0.8596	0.0011	0.0013	0.1380	0.8370
145.0000	0.8594	0.0011	0.0013	0.1382	0.8406
146.0000	0.8592	0.0011	0.0013	0.1385	0.8444
147.0000	0.8590	0.0010	0.0012	0.1387	0.8484
148.0000	0.8589	0.0010	0.0012	0.1390	0.8526
149.0000	0.8587	0.0010	0.0011	0.1392	0.8569
150.0000	0.8585	0.0009	0.0011	0.1394	0.8614
151.0000	0.8584	0.0009	0.0011	0.1396	0.8660
152.0000	0.8582	0.0009	0.0010	0.1399	0.8708
153.0000	0.8580	0.0009	0.0010	0.1401	0.8757
154.0000	0.8579	0.0009	0.0010	0.1403	0.8808
155.0000	0.8577	0.0008	0.0010	0.1405	0.8861
156.0000	0.8576	0.0008	0.0009	0.1406	0.8915
157.0000	0.8575	0.0008	0.0009	0.1408	0.8970
158.0000	0.8573	0.0008	0.0009	0.1410	0.9027
159.0000	0.8572	0.0008	0.0009	0.1412	0.9086
160.0000	0.8570	0.0007	0.0008	0.1414	0.9146
161.0000	0.8569	0.0007	0.0008	0.1415	0.9207
162.0000	0.8568	0.0007	0.0008	0.1417	0.9270
163.0000	0.8567	0.0007	0.0008	0.1419	0.9334
164.0000	0.8565	0.0007	0.0008	0.1420	0.9400
165.0000	0.8564	0.0007	0.0008	0.1422	0.9467
166.0000	0.8563	0.0007	0.0007	0.1423	0.9535
167.0000	0.8562	0.0006	0.0007	0.1425	0.9605
168.0000	0.8561	0.0006	0.0007	0.1426	0.9676
169.0000	0.8559	0.0006	0.0007	0.1427	0.9748
170.0000	0.8558	0.0006	0.0007	0.1429	0.9822
171.0000	0.8557	0.0006	0.0007	0.1430	0.9896
172.0000	0.8556	0.0006	0.0007	0.1431	0.9972
173.0000	0.8555	0.0006	0.0006	0.1433	1.0050
174.0000	0.8554	0.0006	0.0006	0.1434	1.0128
175.0000	0.8553	0.0006	0.0006	0.1435	1.0207
176.0000	0.8552	0.0006	0.0006	0.1437	1.0288
177.0000	0.8550	0.0006	0.0006	0.1438	1.0370
178.0000	0.8549	0.0006	0.0006	0.1439	1.0452
179.0000	0.8548	0.0006	0.0006	0.1440	1.0536
180.0000	0.8547	0.0006	0.0006	0.1441	1.0621
181.0000	0.8546	0.0005	0.0006	0.1443	1.0707
182.0000	0.8545	0.0005	0.0006	0.1444	1.0794
183.0000	0.8544	0.0005	0.0006	0.1445	1.0882
184.0000	0.8543	0.0005	0.0006	0.1446	1.0970
185.0000	0.8542	0.0005	0.0006	0.1447	1.1060
186.0000	0.8541	0.0005	0.0006	0.1448	1.1150
187.0000	0.8540	0.0005	0.0005	0.1449	1.1242
188.0000	0.8539	0.0005	0.0005	0.1450	1.1334
189.0000	0.8538	0.0005	0.0005	0.1451	1.1427
190.0000	0.8537	0.0005	0.0005	0.1453	1.1520
191.0000	0.8536	0.0005	0.0005	0.1454	1.1615
192.0000	0.8535	0.0005	0.0005	0.1455	1.1710
193.0000	0.8534	0.0005	0.0005	0.1456	1.1806
194.0000	0.8532	0.0005	0.0005	0.1457	1.1902
195.0000	0.8531	0.0005	0.0005	0.1458	1.1999
196.0000	0.8530	0.0005	0.0005	0.1459	1.2097
197.0000	0.8529	0.0005	0.0005	0.1460	1.2195
198.0000	0.8528	0.0005	0.0005	0.1461	1.2294
199.0000	0.8527	0.0005	0.0005	0.1462	1.2393
200.0000	0.8526	0.0006	0.0005	0.1463	1.2493
201.0000	0.8525	0.0006	0.0005	0.1464	1.2593
202.0000	0.8523	0.0006	0.0005	0.1465	1.2694
203.0000	0.8522	0.0006	0.0005	0.1467	1.2795
204.0000	0.8521	0.0006	0.0006	0.1468	1.2896
205.0000	0.8520	0.0006	0.0006	0.1469	1.2998
206.0000	0.8519	0.0006	0.0006	0.1470	1.3100
207.0000	0.8517	0.0006	0.0006	0.1471	1.3202
208.0000	0.8516	0.0006	0.0006	0.1472	1.3304
209.0000	0.8515	0.0006	0.0006	0.1473	1.3407
210.0000	0.8513	0.0006	0.0006	0.1475	1.3510
211.0000	0.8512	0.0006	0.0006	0.1476	1.3613
212.0000	0.8511	0.0006	0.0006	0.1477	1.3716
213.0000	0.8509	0.0007	0.0006	0.1478	1.3819
214.0000	0.8508	0.0007	0.0006	0.1479	1.3923
215.0000	0.8506	0.0007	0.0006	0.1481	1.4026
216.0000	0.8505	0.0007	0.0006	0.1482	1.4129
217.0000	0.8503	0.0007	0.0007	0.1483	1.4232
218.0000	0.8502	0.0007	0.0007	0.1484	1.4336
219.0000	0.8500	0.0007	0.0007	0.1486	1.4439
220.0000	0.8498	0.0008	0.0007	0.1487	1.4542
221.0000	0.8497	0.0008	0.0007	0.1489	1.4644
222.0000	0.8495	0.0008	0.0007	0.1490	1.4747
223.0000	0.8493	0.0008	0.0007	0.1491	1.4849
224.0000	0.8491	0.0008	0.0008	0.1493	1.4951
225.0000	0.8489	0.0009	0.0008	0.1494	1.5053
226.0000	0.8487	0.0009	0.0008	0.1496	1.5155
227.0000	0.8485	0.0009	0.0008	0.1498	1.5256
228.0000	0.8483	0.0009	0.0008	0.1499	1.5357
229.0000	0.8481	0.0010	0.0009	0.1501	1.5457
230.0000	0.8479	0.0010	0.0009	0.1503	1.5557
231.0000	0.8476	0.0010	0.0009	0.1504	1.5657
232.0000	0.8474	0.0011	0.0009	0.1506	1.5756
233.0000	0.8471	0.0011	0.0010	0.1508	1.5854
234.0000	0.8469	0.0011	0.0010	0.1510	1.5952
235.0000	0.8466	0.0012	0.0010	0.1512	1.6049
236.0000	0.8463	0.0012	0.0011	0.1514	1.6146
237.0000	0.8460	0.0013	0.0011	0.1516	1.6242
238.0000	0.8457	0.0013	0.0011	0.1519	1.6338
239.0000	0.8454	0.0014	0.0012	0.1521	1.6433
240.0000	0.8451	0.0014	0.0012	0.1523	1.6527
241.0000	0.8447	0.0015	0.0012	0.1526	1.6620
242.0000	0.8444	0.0015	0.0013	0.1528	1.6712
243.0000	0.8440	0.0016	0.0013	0.1531	1.6804
244.0000	0.8436	0.0016	0.0014	0.1534	1.6895
245.0000	0.8432	0.0017	0.0014	0.1536	1.6985
246.0000	0.8428	0.0018	0.0015	0.1539	1.7074
247.0000	0.8423	0.0019	0.0016	0.1542	1.7162
248.0000	0.8419	0.0019	0.0016	0.1546	1.7250
249.0000	0.8414	0.0020	0.0017	0.1549	1.7336
250.0000	0.8409	0.0021	0.0018	0.1552	1.7421
251.0000	0.8404	0.0022	0.0018	0.1556	1.7506
252.0000	0.8398	0.0023	0.0019	0.1560	1.7589
253.0000	0.8393	0.0024	0.0020	0.1564	1.7671
254.0000	0.8387	0.0025	0.0021	0.1568	1.7752
255.0000	0.8380	0.0026	0.0022	0.1572	1.7832
256.0000	0.8374	0.0028	0.0023	0.1576	1.7911
257.0000	0.8367	0.0029	0.0024	0.1581	1.7989
258.0000	0.8359	0.0030	0.0025	0.1586	1.8066
259.0000	0.8352	0.0032	0.0026	0.1591	1.8141
260.0000	0.8344	0.0033	0.0027	0.1596	1.8215
261.0000	0.8335	0.0035	0.0028	0.1602	1.8288
262.0000	0.8327	0.0036	0.0030	0.1607	1.8360
263.0000	0.8317	0.0038	0.0031	0.1613	1.8430
264.0000	0.8308	0.0040	0.0033	0.1620	1.8499
265.0000	0.8297	0.0042	0.0034	0.1626	1.8567
266.0000	0.8287	0.0044	0.0036	0.1633	1.8633
267.0000	0.8275	0.0047	0.0038	0.1641	1.8698
268.0000	0.8263	0.0049	0.0039	0.1648	1.8761
269.0000	0.8251	0.0051	0.0041	0.1657	1.8824
270.0000	0.8238	0.0054	0.0043	0.1665	1.8884
271.0000	0.8224	0.0057	0.0046	0.1674	1.8944
272.0000	0.8209	0.0060	0.0048	0.1683	1.9001
273.0000	0.8194	0.0063	0.0050	0.1693	1.9058
274.0000	0.8178	0.0066	0.0053	0.1703	1.9112
275.0000	0.8161	0.0069	0.0056	0.1714	1.9166
276.0000	0.8143	0.0073	0.0058	0.1726	1.9218
277.0000	0.8124	0.0077	0.0061	0.1738	1.9268
278.0000	0.8105	0.0081	0.0064	0.1750	1.9316
279.0000	0.8084	0.0085	0.0068	0.1763	1.9364
280.0000	0.8062	0.0089	0.0071	0.1777	1.9409
281.0000	0.8040	0.0094	0.0075	0.1792	1.9453
282.0000	0.8016	0.0098	0.0079	0.1807	1.9495
283.0000	0.7990	0.0103	0.0083	0.1823	1.9536
284.0000	0.7964	0.0109	0.0087	0.1840	1.9575
285.0000	0.7936	0.0114	0.0092	0.1858	1.9612
286.0000	0.7907	0.0120	0.0096	0.1877	1.9648
287.0000	0.7876	0.0126	0.0101	0.1897	1.9682
288.0000	0.7844	0.0132	0.0106	0.1917	1.9714
289.0000	0.7811	0.0139	0.0111	0.1939	1.9745
290.0000	0.7776	0.0145	0.0117	0.1962	1.9774
291.0000	0.7739	0.0152	0.0123	0.1986	1.9801
292.0000	0.7700	0.0160	0.0129	0.2011	1.9827
293.0000	0.7660	0.0167	0.0135	0.2038	1.9850
294.0000	0.7618	0.0175	0.0142	0.2065	1.9872
295.0000	0.7574	0.0183	0.0148	0.2094	1.9893
296.0000	0.7529	0.0191	0.0156	0.2125	1.9911
297.0000	0.7481	0.0200	0.0163	0.2156	1.9928
298.0000	0.7432	0.0208	0.0170	0.2190	1.9943
299.0000	0.7380	0.0217	0.0178	0.2225	1.9956
300.0000	0.7327	0.0226	0.0186	0.2261	1.9968
301.0000	0.7271	0.0236	0.0194	0.2299	1.9978
302.0000	0.7214	0.0245	0.0203	0.2339	1.9986
303.0000	0.7155	0.0254	0.0211	0.2380	1.9992
304.0000	0.7093	0.0264	0.0220	0.2423	1.9996
305.0000	0.7030	0.0273	0.0229	0.2468	1.9999
306.0000	0.6965	0.0283	0.0238	0.2515	2.0000
307.0000	0.6897	0.0293	0.0247	0.2563	1.9999
308.0000	0.6828	0.0302	0.0256	0.2613	1.9996
309.0000	0.6758	0.0312	0.0265	0.2665	1.9992
310.0000	0.6685	0.0321	0.0275	0.2719	1.9986
311.0000	0.6611	0.0330	0.0284	0.2775	1.9978
312.0000	0.6535	0.0339	0.0293	0.2833	1.9968
313.0000	0.6458	0.0347	0.0302	0.2893	1.9956
314.0000	0.6379	0.0356	0.0311	0.2954	1.9943
315.0000	0.6300	0.0364	0.0320	0.3017	1.9928
316.0000	0.6219	0.0371	0.0329	0.3082	1.9911
317.0000	0.6137	0.0378	0.0337	0.3148	1.9893
318.0000	0.6054	0.0384	0.0345	0.3217	1.9872
319.0000	0.5971	0.0390	0.0353	0.3286	1.9850
320.0000	0.5887	0.0396	0.0360	0.3358	1.9827
321.0000	0.5803	0.0400	0.0367	0.3430	1.9801
322.0000	0.5718	0.0404	0.0373	0.3504	1.9774
323.0000	0.5634	0.0407	0.0379	0.3580	1.9745
324.0000	0.5550	0.0410	0.0385	0.3656	1.9714
325.0000	0.5466	0.0412	0.0389	0.3733	1.9682
326.0000	0.5382	0.0413	0.0394	0.3812	1.9648
327.0000	0.5299	0.0413	0.0397	0.3891	1.9612
328.0000	0.5217	0.0413	0.0400	0.3970	1.9575
329.0000	0.5136	0.0412	0.0402	0.4051	1.9536
330.0000	0.5055	0.0410	0.0404	0.4131	1.9495
331.0000	0.4976	0.0407	0.0405	0.4212	1.9453
332.0000	0.4899	0.0404	0.0405	0.4293	1.9409
333.0000	0.4822	0.0400	0.0404	0.4374	1.9364
334.0000	0.4747	0.0395	0.0403	0.4455	1.9316
335.0000	0.4674	0.0390	0.0401	0.4535	1.9268
336.0000	0.4603	0.0384	0.0398	0.4615	1.9218
337.0000	0.4533	0.0377	0.0395	0.4694	1.9166
338.0000	0.4465	0.0370	0.0391	0.4773	1.9112
339.0000	0.4400	0.0363	0.0387	0.4851	1.9058
340.0000	0.4336	0.0355	0.0382	0.4928	1.9001
341.0000	0.4274	0.0347	0.0376	0.5003	1.8944
342.0000	0.4214	0.0338	0.0370	0.5078	1.8884
343.0000	0.4156	0.0329	0.0363	0.5151	1.8824
344.0000	0.4100	0.0320	0.0356	0.5223	1.8761
345.0000	0.4046	0.0311	0.0349	0.5294	1.8698
346.0000	0.3994	0.0302	0.0341	0.5363	1.8633
347.0000	0.3944	0.0292	0.0333	0.5430	1.8567
348.0000	0.3896	0.0283	0.0325	0.5496	1.8499
349.0000	0.3850	0.0273	0.0316	0.5560	1.8430
350.0000	0.3806	0.0263	0.0308	0.5623	1.8360
351.0000	0.3764	0.0254	0.0299	0.5683	1.8288
352.0000	0.3724	0.0244	0.0290	0.5742	1.8215
353.0000	0.3686	0.0235	0.0280	0.5799	1.8141
354.0000	0.3649	0.0225	0.0271	0.5854	1.8066
355.0000	0.3614	0.0216	0.0262	0.5908	1.7989
356.0000	0.3581	0.0207	0.0253	0.5959	1.7911
357.0000	0.3549	0.0198	0.0244	0.6009	1.7832
358.0000	0.3519	0.0190	0.0235	0.6057	1.7752
359.0000	0.3490	0.0181	0.0226	0.6103	1.7671
360.0000	0.3463	0.0173	0.0217	0.6147	1.7589
361.0000	0.3437	0.0165	0.0208	0.6190	1.7506
362.0000	0.3413	0.0157	0.0200	0.6230	1.7421
363.0000	0.3389	0.0150	0.0191	0.6270	1.7336
364.0000	0.3368	0.0142	0.0183	0.6307	1.7250
365.0000	0.3347	0.0135	0.0175	0.6343	1.7162
366.0000	0.3327	0.0129	0.0167	0.6377	1.7074
367.0000	0.3309	0.0122	0.0160	0.6410	1.6985
368.0000	0.3291	0.0116	0.0152	0.6441	1.6895
369.0000	0.3275	0.0110	0.0145	0.6471	1.6804
370.0000	0.3259	0.0104	0.0138	0.6499	1.6712
371.0000	0.3245	0.0098	0.0131	0.6526	1.6620
372.0000	0.3231	0.0093	0.0125	0.6551	1.6527
373.0000	0.3218	0.0088	0.0119	0.6576	1.6433
374.0000	0.3206	0.0083	0.0113	0.6599	1.6338
375.0000	0.3194	0.0078	0.0107	0.6621	1.6242
376.0000	0.3184	0.0074	0.0101	0.6641	1.6146
377.0000	0.3173	0.0070	0.0096	0.6661	1.6049
378.0000	0.3164	0.0066	0.0091	0.6680	1.5952
379.0000	0.3155	0.0062	0.0086	0.6697	1.5854
380.0000	0.3147	0.0058	0.0081	0.6714	1.5756
381.0000	0.3139	0.0055	0.0077	0.6730	1.5657
382.0000	0.3132	0.0051	0.0072	0.6745	1.5557
383.0000	0.3125	0.0048	0.0068	0.6759	1.5457
384.0000	0.3118	0.0045	0.0064	0.6772	1.5357
385.0000	0.3113	0.0042	0.0061	0.6785	1.5256
386.0000	0.3107	0.0040	0.0057	0.6796	1.5155
387.0000	0.3102	0.0037	0.0054	0.6807	1.5053
388.0000	0.3097	0.0035	0.0050	0.6818	1.4951
389.0000	0.3092	0.0033	0.0047	0.6828	1.4849
390.0000	0.3088	0.0031	0.0045	0.6837	1.4747
391.0000	0.3084	0.0029	0.0042	0.6845	1.4644
392.0000	0.3081	0.0027	0.0039	0.6853	1.4542
393.0000	0.3077	0.0025	0.0037	0.6861	1.4439
394.0000	0.3074	0.0023	0.0035	0.6868	1.4336
395.0000	0.3071	0.0022	0.0032	0.6875	1.4232
396.0000	0.3068	0.0020	0.0030	0.6881	1.4129
397.0000	0.3066	0.0019	0.0028	0.6887	1.4026
398.0000	0.3063	0.0018	0.0026	0.6892	1.3923
399.0000	0.3061	0.0016	0.0025	0.6898	1.3819
400.0000	0.3059	0.0015	0.0023	0.6902	1.3716
401.0000	0.3057	0.0014	0.0022	0.6907	1.3613
402.0000	0.3056	0.0013	0.0020	0.6911	1.3510
403.0000	0.3054	0.0012	0.0019	0.6915	1.3407
404.0000	0.3053	0.0011	0.0018	0.6919	1.3304
405.0000	0.3051	0.0011	0.0016	0.6922	1.3202
406.0000	0.3050	0.0010	0.0015	0.6925	1.3100
407.0000	0.3049	0.0009	0.0014	0.6928	1.2998
408.0000	0.3048	0.0008	0.0013	0.6931	1.2896
409.0000	0.3047	0.0008	0.0012	0.6933	1.2795
410.0000	0.3046	0.0007	0.0011	0.6936	1.2694
411.0000	0.3045	0.0007	0.0011	0.6938	1.2593
412.0000	0.3044	0.0006	0.0010	0.6940	1.2493
413.0000	0.3043	0.0006	0.0009	0.6942	1.2393
414.0000	0.3043	0.0005	0.0008	0.6944	1.2294
415.0000	0.3042	0.0005	0.0008	0.6945	1.2195
416.0000	0.3042	0.0004	0.0007	0.6947	1.2097
417.0000	0.3041	0.0004	0.0007	0.6948	1.1999
418.0000	0.3041	0.0004	0.0006	0.6949	1.1902
419.0000	0.3040	0.0004	0.0006	0.6951	1.1806
420.0000	0.3040	0.0003	0.0005	0.6952	1.1710
421.0000	0.3039	0.0003	0.0005	0.6953	1.1615
422.0000	0.3039	0.0003	0.0005	0.6954	1.1520
423.0000	0.3039	0.0003	0.0004	0.6955	1.1427
424.0000	0.3038	0.0002	0.0004	0.6955	1.1334
425.0000	0.3038	0.0002	0.0004	0.6956	1.1242
426.0000	0.3038	0.0002	0.0003	0.6957	1.1150
427.0000	0.3038	0.0002	0.0003	0.6957	1.1060
428.0000	0.3037	0.0002	0.0003	0.6958	1.0970
429.0000	0.3037	0.0002	0.0003	0.6959	1.0882
430.0000	0.3037	0.0001	0.0002	0.6959	1.0794
431.0000	0.3037	0.0001	0.0002	0.6960	1.0707
432.0000	0.3037	0.0001	0.0002	0.6960	1.0621
433.0000	0.3037	0.0001	0.0002	0.6960	1.0536
434.0000	0.3037	0.0001	0.0002	0.6961	1.0452
435.0000	0.3037	0.0001	0.0002	0.6961	1.0370
436.0000	0.3036	0.0001	0.0001	0.6961	1.0288
437.0000	0.3036	0.0001	0.0001	0.6962	1.0207
438.0000	0.3036	0.0001	0.0001	0.6962	1.0128
439.0000	0.3036	0.0001	0.0001	0.6962	1.0050
440.0000	0.3036	0.0001	0.0001	0.6962	0.9972
441.0000	0.3036	0.0001	0.0001	0.6962	0.9896
442.0000	0.3036	0.0000	0.0001	0.6963	0.9822
443.0000	0.3036	0.0000	0.0001	0.6963	0.9748
444.0000	0.3036	0.0000	0.0001	0.6963	0.9676
445.0000	0.3036	0.0000	0.0001	0.6963	0.9605
446.0000	0.3036	0.0000	0.0001	0.6963	0.9535
447.0000	0.3036	0.0000	0.0001	0.6963	0.9467
448.0000	0.3036	0.0000	0.0000	0.6963	0.9400
449.0000	0.3036	0.0000	0.0000	0.6964	0.9334
450.0000	0.3036	0.0000	0.0000	0.6964	0.9270
451.0000	0.3036	0.0000	0.0000	0.6964	0.9207
452.0000	0.3036	0.0000	0.0000	0.6964	0.9146
453.0000	0.3036	0.0000	0.0000	0.6964	0.9086
454.0000	0.3036	0.0000	0.0000	0.6964	0.9027
455.0000	0.3036	0.0000	0.0000	0.6964	0.8970
456.0000	0.3036	0.0000	0.0000	0.6964	0.8915
457.0000	0.3036	0.0000	0.0000	0.6964	0.8861
458.0000	0.3036	0.0000	0.0000	0.6964	0.8808
459.0000	0.3036	0.0000	0.0000	0.6964	0.8757
460.0000	0.3036	0.0000	0.0000	0.6964	0.8708
461.0000	0.3036	0.0000	0.0000	0.6964	0.8660
462.0000	0.3036	0.0000	0.0000	0.6964	0.8614
463.0000	0.3036	0.0000	0.0000	0.6964	0.8569
464.0000	0.3036	0.0000	0.0000	0.6964	0.8526
465.0000	0.3036	0.0000	0.0000	0.6964	0.8484
466.0000	0.3036	0.0000	0.0000	0.6964	0.8444
467.0000	0.3036	0.0000	0.0000	0.6964	0.8406
468.0000	0.3036	0.0000	0.0000	0.6964	0.8370
469.0000	0.3036	0.0000	0.0000	0.6964	0.8335
470.0000	0.3036	0.0000	0.0000	0.6964	0.8302
471.0000	0.3036	0.0000	0.0000	0.6964	0.8270
472.0000	0.3036	0.0000	0.0000	0.6964	0.8240
473.0000	0.3036	0.0000	0.0000	0.6964	0.8212
474.0000	0.3036	0.0000	0.0000	0.6964	0.8186
475.0000	0.3036	0.0000	0.0000	0.6964	0.8161
476.0000	0.3036	0.0000	0.0000	0.6964	0.8138
477.0000	0.3036	0.0000	0.0000	0.6964	0.8117
478.0000	0.3036	0.0000	0.0000	0.6964	0.8098
479.0000	0.3036	0.0000	0.0000	0.6964	0.8080
480.0000	0.3036	0.0000	0.0000	0.6964	0.8064
481.0000	0.3036	0.0000	0.0000	0.6964	0.8050
482.0000	0.3036	0.0000	0.0000	0.6964	0.8038
483.0000	0.3036	0.0000	0.0000	0.6964	0.8027
484.0000	0.3036	0.0000	0.0000	0.6964	0.8018
485.0000	0.3036	0.0000	0.0000	0.6964	0.8011
486.0000	0.3036	0.0000	0.0000	0.6964	0.8006
487.0000	0.3036	0.0000	0.0000	0.6964	0.8002
488.0000	0.3036	0.0000	0.0000	0.6964	0.8000
489.0000	0.3036	0.0000	0.0000	0.6964	0.8000
490.0000	0.3036	0.0000	0.0000	0.6964	0.8002
491.0000	0.3036	0.0000	0.0000	0.6964	0.8006
492.0000	0.3036	0.0000	0.0000	0.6964	0.8011
493.0000	0.3036	0.0000	0.0000	0.6964	0.8018
494.0000	0.3036	0.0000	0.0000	0.6964	0.8027
495.0000	0.3036	0.0000	0.0000	0.6964	0.8038
496.0000	0.3036	0.0000	0.0000	0.6964	0.8050
497.0000	0.3036	0.0000	0.0000	0.6964	0.8064
498.0000	0.3036	0.0000	0.0000	0.6964	0.8080
499.0000	0.3036	0.0000	0.0000	0.6964	0.8098
