##SIR iterated, tauI=7 tauR=18 R0=1.40  produced by macroInfection[.cpp]
#time[days]	S	I	R
0.0000	0.99900	0.00100	0.00000
1.0000	0.99800	0.00200	0.00000
2.0000	0.99700	0.00300	0.00000
3.0000	0.99600	0.00400	0.00000
4.0000	0.99500	0.00500	0.00000
5.0000	0.99400	0.00600	0.00000
6.0000	0.99300	0.00700	0.00000
7.0000	0.99160	0.00840	0.00000
8.0000	0.99020	0.00980	0.00000
9.0000	0.98881	0.01119	0.00000
10.0000	0.98741	0.01259	0.00000
11.0000	0.98602	0.01398	0.00000
12.0000	0.98463	0.01537	0.00000
13.0000	0.98324	0.01676	0.00000
14.0000	0.98130	0.01870	0.00000
15.0000	0.97936	0.02064	0.00000
16.0000	0.97743	0.02257	0.00000
17.0000	0.97550	0.02450	0.00000
18.0000	0.97358	0.02542	0.00100
19.0000	0.97166	0.02634	0.00200
20.0000	0.96975	0.02725	0.00300
21.0000	0.96708	0.02892	0.00400
22.0000	0.96442	0.03058	0.00500
23.0000	0.96178	0.03222	0.00600
24.0000	0.95915	0.03385	0.00700
25.0000	0.95653	0.03508	0.00840
26.0000	0.95392	0.03629	0.00980
27.0000	0.95132	0.03749	0.01119
28.0000	0.94771	0.03971	0.01259
29.0000	0.94412	0.04190	0.01398
30.0000	0.94056	0.04407	0.01537
31.0000	0.93703	0.04621	0.01676
32.0000	0.93352	0.04778	0.01870
33.0000	0.93003	0.04933	0.02064
34.0000	0.92657	0.05086	0.02257
35.0000	0.92178	0.05372	0.02450
36.0000	0.91704	0.05654	0.02642
37.0000	0.91235	0.05931	0.02834
38.0000	0.90771	0.06203	0.03025
39.0000	0.90313	0.06395	0.03292
40.0000	0.89859	0.06583	0.03558
41.0000	0.89410	0.06768	0.03822
42.0000	0.88792	0.07123	0.04085
43.0000	0.88183	0.07469	0.04347
44.0000	0.87584	0.07807	0.04608
45.0000	0.86995	0.08137	0.04868
46.0000	0.86415	0.08355	0.05229
47.0000	0.85844	0.08568	0.05588
48.0000	0.85282	0.08774	0.05944
49.0000	0.84514	0.09189	0.06297
50.0000	0.83763	0.09589	0.06648
51.0000	0.83028	0.09975	0.06997
52.0000	0.82311	0.10346	0.07343
53.0000	0.81609	0.10569	0.07822
54.0000	0.80923	0.10781	0.08296
55.0000	0.80252	0.10983	0.08765
56.0000	0.79343	0.11429	0.09229
57.0000	0.78462	0.11851	0.09687
58.0000	0.77608	0.12251	0.10141
59.0000	0.76781	0.12629	0.10590
60.0000	0.75979	0.12812	0.11208
61.0000	0.75202	0.12981	0.11817
62.0000	0.74449	0.13136	0.12416
63.0000	0.73438	0.13557	0.13005
64.0000	0.72471	0.13945	0.13585
65.0000	0.71543	0.14301	0.14156
66.0000	0.70654	0.14628	0.14718
67.0000	0.69801	0.14712	0.15486
68.0000	0.68983	0.14779	0.16237
69.0000	0.68198	0.14831	0.16972
70.0000	0.67159	0.15152	0.17689
71.0000	0.66177	0.15432	0.18391
72.0000	0.65248	0.15675	0.19077
73.0000	0.64369	0.15883	0.19748
74.0000	0.63536	0.15807	0.20657
75.0000	0.62745	0.15716	0.21538
76.0000	0.61995	0.15613	0.22392
77.0000	0.61019	0.15762	0.23219
78.0000	0.60109	0.15870	0.24021
79.0000	0.59261	0.15942	0.24798
80.0000	0.58468	0.15980	0.25551
81.0000	0.57727	0.15711	0.26562
82.0000	0.57033	0.15438	0.27529
83.0000	0.56382	0.15162	0.28457
84.0000	0.55548	0.15107	0.29346
85.0000	0.54782	0.15019	0.30199
86.0000	0.54078	0.14905	0.31017
87.0000	0.53429	0.14768	0.31802
88.0000	0.52830	0.14329	0.32841
89.0000	0.52276	0.13901	0.33823
90.0000	0.51762	0.13486	0.34752
91.0000	0.51113	0.13255	0.35631
92.0000	0.50526	0.13009	0.36464
93.0000	0.49993	0.12752	0.37255
94.0000	0.49508	0.12487	0.38005
95.0000	0.49065	0.11954	0.38981
96.0000	0.48659	0.11450	0.39891
97.0000	0.48287	0.10974	0.40739
98.0000	0.47823	0.10645	0.41532
99.0000	0.47408	0.10319	0.42273
100.0000	0.47035	0.09998	0.42967
101.0000	0.46698	0.09683	0.43618
102.0000	0.46394	0.09154	0.44452
103.0000	0.46118	0.08664	0.45218
104.0000	0.45866	0.08212	0.45922
105.0000	0.45555	0.07874	0.46571
106.0000	0.45279	0.07551	0.47170
107.0000	0.45034	0.07242	0.47724
108.0000	0.44814	0.06948	0.48238
109.0000	0.44616	0.06497	0.48887
110.0000	0.44438	0.06089	0.49474
111.0000	0.44276	0.05717	0.50007
112.0000	0.44078	0.05430	0.50492
113.0000	0.43903	0.05162	0.50935
114.0000	0.43748	0.04911	0.51341
115.0000	0.43610	0.04677	0.51713
116.0000	0.43487	0.04336	0.52177
117.0000	0.43376	0.04032	0.52592
118.0000	0.43276	0.03759	0.52965
119.0000	0.43153	0.03545	0.53302
120.0000	0.43046	0.03348	0.53606
121.0000	0.42951	0.03166	0.53882
122.0000	0.42867	0.02999	0.54134
123.0000	0.42792	0.02763	0.54445
124.0000	0.42724	0.02555	0.54721
125.0000	0.42664	0.02370	0.54966
126.0000	0.42590	0.02224	0.55186
127.0000	0.42525	0.02091	0.55384
128.0000	0.42468	0.01970	0.55562
129.0000	0.42417	0.01859	0.55724
130.0000	0.42372	0.01706	0.55922
131.0000	0.42332	0.01571	0.56097
132.0000	0.42296	0.01453	0.56252
133.0000	0.42252	0.01359	0.56390
134.0000	0.42213	0.01274	0.56513
135.0000	0.42179	0.01197	0.56624
136.0000	0.42149	0.01126	0.56724
137.0000	0.42123	0.01031	0.56847
138.0000	0.42099	0.00947	0.56954
139.0000	0.42077	0.00874	0.57049
140.0000	0.42051	0.00816	0.57133
141.0000	0.42028	0.00763	0.57208
142.0000	0.42008	0.00716	0.57276
143.0000	0.41991	0.00673	0.57336
144.0000	0.41975	0.00615	0.57410
145.0000	0.41961	0.00564	0.57475
146.0000	0.41948	0.00520	0.57532
147.0000	0.41933	0.00485	0.57583
148.0000	0.41919	0.00453	0.57628
149.0000	0.41908	0.00424	0.57668
150.0000	0.41897	0.00399	0.57704
151.0000	0.41888	0.00364	0.57748
152.0000	0.41880	0.00334	0.57787
153.0000	0.41872	0.00307	0.57821
154.0000	0.41863	0.00286	0.57851
155.0000	0.41855	0.00267	0.57877
156.0000	0.41848	0.00250	0.57901
157.0000	0.41842	0.00235	0.57923
158.0000	0.41837	0.00214	0.57949
159.0000	0.41832	0.00196	0.57972
160.0000	0.41828	0.00181	0.57992
161.0000	0.41822	0.00168	0.58009
162.0000	0.41818	0.00157	0.58025
163.0000	0.41814	0.00147	0.58039
164.0000	0.41810	0.00138	0.58052
165.0000	0.41807	0.00126	0.58067
166.0000	0.41804	0.00115	0.58081
167.0000	0.41802	0.00106	0.58092
168.0000	0.41799	0.00099	0.58103
169.0000	0.41796	0.00092	0.58112
170.0000	0.41793	0.00086	0.58120
171.0000	0.41791	0.00081	0.58128
172.0000	0.41790	0.00074	0.58137
173.0000	0.41788	0.00068	0.58145
174.0000	0.41786	0.00062	0.58152
175.0000	0.41785	0.00058	0.58158
176.0000	0.41783	0.00054	0.58163
177.0000	0.41782	0.00050	0.58168
178.0000	0.41780	0.00047	0.58172
179.0000	0.41779	0.00043	0.58178
180.0000	0.41778	0.00040	0.58182
181.0000	0.41777	0.00036	0.58186
182.0000	0.41776	0.00034	0.58190
183.0000	0.41775	0.00032	0.58193
184.0000	0.41775	0.00030	0.58196
185.0000	0.41774	0.00028	0.58198
186.0000	0.41773	0.00025	0.58201
187.0000	0.41773	0.00023	0.58204
188.0000	0.41772	0.00021	0.58207
189.0000	0.41772	0.00020	0.58209
190.0000	0.41771	0.00018	0.58210
191.0000	0.41771	0.00017	0.58212
192.0000	0.41770	0.00016	0.58214
193.0000	0.41770	0.00015	0.58215
194.0000	0.41769	0.00014	0.58217
195.0000	0.41769	0.00012	0.58218
196.0000	0.41769	0.00012	0.58220
197.0000	0.41768	0.00011	0.58221
198.0000	0.41768	0.00010	0.58222
199.0000	0.41768	0.00009	0.58223
200.0000	0.41768	0.00009	0.58224
201.0000	0.41768	0.00008	0.58225
202.0000	0.41767	0.00007	0.58225
203.0000	0.41767	0.00007	0.58226
204.0000	0.41767	0.00006	0.58227
205.0000	0.41767	0.00006	0.58227
206.0000	0.41767	0.00006	0.58228
207.0000	0.41767	0.00005	0.58228
208.0000	0.41766	0.00005	0.58229
209.0000	0.41766	0.00004	0.58229
210.0000	0.41766	0.00004	0.58230
211.0000	0.41766	0.00004	0.58230
212.0000	0.41766	0.00003	0.58231
213.0000	0.41766	0.00003	0.58231
214.0000	0.41766	0.00003	0.58231
215.0000	0.41766	0.00003	0.58232
216.0000	0.41766	0.00002	0.58232
217.0000	0.41766	0.00002	0.58232
218.0000	0.41766	0.00002	0.58232
219.0000	0.41766	0.00002	0.58232
220.0000	0.41765	0.00002	0.58233
221.0000	0.41765	0.00002	0.58233
222.0000	0.41765	0.00002	0.58233
223.0000	0.41765	0.00001	0.58233
224.0000	0.41765	0.00001	0.58233
225.0000	0.41765	0.00001	0.58233
226.0000	0.41765	0.00001	0.58234
227.0000	0.41765	0.00001	0.58234
228.0000	0.41765	0.00001	0.58234
229.0000	0.41765	0.00001	0.58234
230.0000	0.41765	0.00001	0.58234
231.0000	0.41765	0.00001	0.58234
232.0000	0.41765	0.00001	0.58234
233.0000	0.41765	0.00001	0.58234
234.0000	0.41765	0.00001	0.58234
235.0000	0.41765	0.00001	0.58234
236.0000	0.41765	0.00001	0.58234
237.0000	0.41765	0.00000	0.58234
238.0000	0.41765	0.00000	0.58235
239.0000	0.41765	0.00000	0.58235
240.0000	0.41765	0.00000	0.58235
241.0000	0.41765	0.00000	0.58235
242.0000	0.41765	0.00000	0.58235
243.0000	0.41765	0.00000	0.58235
244.0000	0.41765	0.00000	0.58235
245.0000	0.41765	0.00000	0.58235
246.0000	0.41765	0.00000	0.58235
247.0000	0.41765	0.00000	0.58235
248.0000	0.41765	0.00000	0.58235
249.0000	0.41765	0.00000	0.58235
250.0000	0.41765	0.00000	0.58235
251.0000	0.41765	0.00000	0.58235
252.0000	0.41765	0.00000	0.58235
253.0000	0.41765	0.00000	0.58235
254.0000	0.41765	0.00000	0.58235
255.0000	0.41765	0.00000	0.58235
256.0000	0.41765	0.00000	0.58235
257.0000	0.41765	0.00000	0.58235
258.0000	0.41765	0.00000	0.58235
259.0000	0.41765	0.00000	0.58235
260.0000	0.41765	0.00000	0.58235
261.0000	0.41765	0.00000	0.58235
262.0000	0.41765	0.00000	0.58235
263.0000	0.41765	0.00000	0.58235
264.0000	0.41765	0.00000	0.58235
265.0000	0.41765	0.00000	0.58235
266.0000	0.41765	0.00000	0.58235
267.0000	0.41765	0.00000	0.58235
268.0000	0.41765	0.00000	0.58235
269.0000	0.41765	0.00000	0.58235
270.0000	0.41765	0.00000	0.58235
271.0000	0.41765	0.00000	0.58235
272.0000	0.41765	0.00000	0.58235
273.0000	0.41765	0.00000	0.58235
274.0000	0.41765	0.00000	0.58235
275.0000	0.41765	0.00000	0.58235
276.0000	0.41765	0.00000	0.58235
277.0000	0.41765	0.00000	0.58235
278.0000	0.41765	0.00000	0.58235
279.0000	0.41765	0.00000	0.58235
280.0000	0.41765	0.00000	0.58235
281.0000	0.41765	0.00000	0.58235
282.0000	0.41765	0.00000	0.58235
283.0000	0.41765	0.00000	0.58235
284.0000	0.41765	0.00000	0.58235
285.0000	0.41765	0.00000	0.58235
286.0000	0.41765	0.00000	0.58235
287.0000	0.41765	0.00000	0.58235
288.0000	0.41765	0.00000	0.58235
289.0000	0.41765	0.00000	0.58235
290.0000	0.41765	0.00000	0.58235
291.0000	0.41765	0.00000	0.58235
292.0000	0.41765	0.00000	0.58235
293.0000	0.41765	0.00000	0.58235
294.0000	0.41765	0.00000	0.58235
295.0000	0.41765	0.00000	0.58235
296.0000	0.41765	0.00000	0.58235
297.0000	0.41765	0.00000	0.58235
298.0000	0.41765	0.00000	0.58235
299.0000	0.41765	0.00000	0.58235
300.0000	0.41765	0.00000	0.58235
301.0000	0.41765	0.00000	0.58235
302.0000	0.41765	0.00000	0.58235
303.0000	0.41765	0.00000	0.58235
304.0000	0.41765	0.00000	0.58235
305.0000	0.41765	0.00000	0.58235
306.0000	0.41765	0.00000	0.58235
307.0000	0.41765	0.00000	0.58235
308.0000	0.41765	0.00000	0.58235
309.0000	0.41765	0.00000	0.58235
310.0000	0.41765	0.00000	0.58235
311.0000	0.41765	0.00000	0.58235
312.0000	0.41765	0.00000	0.58235
313.0000	0.41765	0.00000	0.58235
314.0000	0.41765	0.00000	0.58235
315.0000	0.41765	0.00000	0.58235
316.0000	0.41765	0.00000	0.58235
317.0000	0.41765	0.00000	0.58235
318.0000	0.41765	0.00000	0.58235
319.0000	0.41765	0.00000	0.58235
320.0000	0.41765	0.00000	0.58235
321.0000	0.41765	0.00000	0.58235
322.0000	0.41765	0.00000	0.58235
323.0000	0.41765	0.00000	0.58235
324.0000	0.41765	0.00000	0.58235
325.0000	0.41765	0.00000	0.58235
326.0000	0.41765	0.00000	0.58235
327.0000	0.41765	0.00000	0.58235
328.0000	0.41765	0.00000	0.58235
329.0000	0.41765	0.00000	0.58235
330.0000	0.41765	0.00000	0.58235
331.0000	0.41765	0.00000	0.58235
332.0000	0.41765	0.00000	0.58235
333.0000	0.41765	0.00000	0.58235
334.0000	0.41765	0.00000	0.58235
335.0000	0.41765	0.00000	0.58235
336.0000	0.41765	0.00000	0.58235
337.0000	0.41765	0.00000	0.58235
338.0000	0.41765	0.00000	0.58235
339.0000	0.41765	0.00000	0.58235
340.0000	0.41765	0.00000	0.58235
341.0000	0.41765	0.00000	0.58235
342.0000	0.41765	0.00000	0.58235
343.0000	0.41765	0.00000	0.58235
344.0000	0.41765	0.00000	0.58235
345.0000	0.41765	0.00000	0.58235
346.0000	0.41765	0.00000	0.58235
347.0000	0.41765	0.00000	0.58235
348.0000	0.41765	0.00000	0.58235
349.0000	0.41765	0.00000	0.58235
350.0000	0.41765	0.00000	0.58235
351.0000	0.41765	0.00000	0.58235
352.0000	0.41765	0.00000	0.58235
353.0000	0.41765	0.00000	0.58235
354.0000	0.41765	0.00000	0.58235
355.0000	0.41765	0.00000	0.58235
356.0000	0.41765	0.00000	0.58235
357.0000	0.41765	0.00000	0.58235
358.0000	0.41765	0.00000	0.58235
359.0000	0.41765	0.00000	0.58235
360.0000	0.41765	0.00000	0.58235
361.0000	0.41765	0.00000	0.58235
362.0000	0.41765	0.00000	0.58235
363.0000	0.41765	0.00000	0.58235
364.0000	0.41765	0.00000	0.58235
365.0000	0.41765	0.00000	0.58235
366.0000	0.41765	0.00000	0.58235
367.0000	0.41765	0.00000	0.58235
368.0000	0.41765	0.00000	0.58235
369.0000	0.41765	0.00000	0.58235
370.0000	0.41765	0.00000	0.58235
371.0000	0.41765	0.00000	0.58235
372.0000	0.41765	0.00000	0.58235
373.0000	0.41765	0.00000	0.58235
374.0000	0.41765	0.00000	0.58235
375.0000	0.41765	0.00000	0.58235
376.0000	0.41765	0.00000	0.58235
377.0000	0.41765	0.00000	0.58235
378.0000	0.41765	0.00000	0.58235
379.0000	0.41765	0.00000	0.58235
380.0000	0.41765	0.00000	0.58235
381.0000	0.41765	0.00000	0.58235
382.0000	0.41765	0.00000	0.58235
383.0000	0.41765	0.00000	0.58235
384.0000	0.41765	0.00000	0.58235
385.0000	0.41765	0.00000	0.58235
386.0000	0.41765	0.00000	0.58235
387.0000	0.41765	0.00000	0.58235
388.0000	0.41765	0.00000	0.58235
389.0000	0.41765	0.00000	0.58235
390.0000	0.41765	0.00000	0.58235
391.0000	0.41765	0.00000	0.58235
392.0000	0.41765	0.00000	0.58235
393.0000	0.41765	0.00000	0.58235
394.0000	0.41765	0.00000	0.58235
395.0000	0.41765	0.00000	0.58235
396.0000	0.41765	0.00000	0.58235
397.0000	0.41765	0.00000	0.58235
398.0000	0.41765	0.00000	0.58235
399.0000	0.41765	0.00000	0.58235
400.0000	0.41765	0.00000	0.58235
401.0000	0.41765	0.00000	0.58235
402.0000	0.41765	0.00000	0.58235
403.0000	0.41765	0.00000	0.58235
404.0000	0.41765	0.00000	0.58235
405.0000	0.41765	0.00000	0.58235
406.0000	0.41765	0.00000	0.58235
407.0000	0.41765	0.00000	0.58235
408.0000	0.41765	0.00000	0.58235
409.0000	0.41765	0.00000	0.58235
410.0000	0.41765	0.00000	0.58235
411.0000	0.41765	0.00000	0.58235
412.0000	0.41765	0.00000	0.58235
413.0000	0.41765	0.00000	0.58235
414.0000	0.41765	0.00000	0.58235
415.0000	0.41765	0.00000	0.58235
416.0000	0.41765	0.00000	0.58235
417.0000	0.41765	0.00000	0.58235
418.0000	0.41765	0.00000	0.58235
419.0000	0.41765	0.00000	0.58235
420.0000	0.41765	0.00000	0.58235
421.0000	0.41765	0.00000	0.58235
422.0000	0.41765	0.00000	0.58235
423.0000	0.41765	0.00000	0.58235
424.0000	0.41765	0.00000	0.58235
425.0000	0.41765	0.00000	0.58235
426.0000	0.41765	0.00000	0.58235
427.0000	0.41765	0.00000	0.58235
428.0000	0.41765	0.00000	0.58235
429.0000	0.41765	0.00000	0.58235
430.0000	0.41765	0.00000	0.58235
431.0000	0.41765	0.00000	0.58235
432.0000	0.41765	0.00000	0.58235
433.0000	0.41765	0.00000	0.58235
434.0000	0.41765	0.00000	0.58235
435.0000	0.41765	0.00000	0.58235
436.0000	0.41765	0.00000	0.58235
437.0000	0.41765	0.00000	0.58235
438.0000	0.41765	0.00000	0.58235
439.0000	0.41765	0.00000	0.58235
440.0000	0.41765	0.00000	0.58235
441.0000	0.41765	0.00000	0.58235
442.0000	0.41765	0.00000	0.58235
443.0000	0.41765	0.00000	0.58235
444.0000	0.41765	0.00000	0.58235
445.0000	0.41765	0.00000	0.58235
446.0000	0.41765	0.00000	0.58235
447.0000	0.41765	0.00000	0.58235
448.0000	0.41765	0.00000	0.58235
449.0000	0.41765	0.00000	0.58235
450.0000	0.41765	0.00000	0.58235
451.0000	0.41765	0.00000	0.58235
452.0000	0.41765	0.00000	0.58235
453.0000	0.41765	0.00000	0.58235
454.0000	0.41765	0.00000	0.58235
455.0000	0.41765	0.00000	0.58235
456.0000	0.41765	0.00000	0.58235
457.0000	0.41765	0.00000	0.58235
458.0000	0.41765	0.00000	0.58235
459.0000	0.41765	0.00000	0.58235
460.0000	0.41765	0.00000	0.58235
461.0000	0.41765	0.00000	0.58235
462.0000	0.41765	0.00000	0.58235
463.0000	0.41765	0.00000	0.58235
464.0000	0.41765	0.00000	0.58235
465.0000	0.41765	0.00000	0.58235
466.0000	0.41765	0.00000	0.58235
467.0000	0.41765	0.00000	0.58235
468.0000	0.41765	0.00000	0.58235
469.0000	0.41765	0.00000	0.58235
470.0000	0.41765	0.00000	0.58235
471.0000	0.41765	0.00000	0.58235
472.0000	0.41765	0.00000	0.58235
473.0000	0.41765	0.00000	0.58235
474.0000	0.41765	0.00000	0.58235
475.0000	0.41765	0.00000	0.58235
476.0000	0.41765	0.00000	0.58235
477.0000	0.41765	0.00000	0.58235
478.0000	0.41765	0.00000	0.58235
479.0000	0.41765	0.00000	0.58235
480.0000	0.41765	0.00000	0.58235
481.0000	0.41765	0.00000	0.58235
482.0000	0.41765	0.00000	0.58235
483.0000	0.41765	0.00000	0.58235
484.0000	0.41765	0.00000	0.58235
485.0000	0.41765	0.00000	0.58235
486.0000	0.41765	0.00000	0.58235
487.0000	0.41765	0.00000	0.58235
488.0000	0.41765	0.00000	0.58235
489.0000	0.41765	0.00000	0.58235
490.0000	0.41765	0.00000	0.58235
491.0000	0.41765	0.00000	0.58235
492.0000	0.41765	0.00000	0.58235
493.0000	0.41765	0.00000	0.58235
494.0000	0.41765	0.00000	0.58235
495.0000	0.41765	0.00000	0.58235
496.0000	0.41765	0.00000	0.58235
497.0000	0.41765	0.00000	0.58235
498.0000	0.41765	0.00000	0.58235
499.0000	0.41765	0.00000	0.58235
