##SEIR model beta=0.4000 gamma=0.2000 alpha=0.2000  produced by macroInfection[.cpp]
#time[days]	S	E	I	R
0.0000	0.9980	0.0010	0.0010	0.0000
1.0000	0.9976	0.0012	0.0010	0.0002
2.0000	0.9972	0.0013	0.0011	0.0004
3.0000	0.9967	0.0015	0.0011	0.0006
4.0000	0.9963	0.0016	0.0012	0.0009
5.0000	0.9958	0.0018	0.0013	0.0011
6.0000	0.9952	0.0020	0.0014	0.0014
7.0000	0.9947	0.0021	0.0015	0.0017
8.0000	0.9940	0.0023	0.0017	0.0020
9.0000	0.9933	0.0025	0.0018	0.0023
10.0000	0.9926	0.0027	0.0019	0.0027
11.0000	0.9918	0.0030	0.0021	0.0031
12.0000	0.9909	0.0032	0.0023	0.0036
13.0000	0.9900	0.0035	0.0025	0.0040
14.0000	0.9890	0.0038	0.0027	0.0046
15.0000	0.9878	0.0041	0.0029	0.0051
16.0000	0.9866	0.0045	0.0032	0.0057
17.0000	0.9853	0.0048	0.0034	0.0064
18.0000	0.9839	0.0052	0.0037	0.0071
19.0000	0.9824	0.0057	0.0040	0.0079
20.0000	0.9807	0.0062	0.0044	0.0087
21.0000	0.9789	0.0067	0.0048	0.0096
22.0000	0.9770	0.0072	0.0052	0.0106
23.0000	0.9749	0.0078	0.0056	0.0117
24.0000	0.9727	0.0084	0.0060	0.0129
25.0000	0.9702	0.0091	0.0065	0.0141
26.0000	0.9676	0.0099	0.0071	0.0155
27.0000	0.9647	0.0107	0.0077	0.0170
28.0000	0.9617	0.0115	0.0083	0.0185
29.0000	0.9584	0.0124	0.0090	0.0203
30.0000	0.9548	0.0134	0.0097	0.0221
31.0000	0.9510	0.0145	0.0104	0.0241
32.0000	0.9468	0.0156	0.0113	0.0263
33.0000	0.9424	0.0168	0.0122	0.0287
34.0000	0.9377	0.0180	0.0131	0.0312
35.0000	0.9326	0.0194	0.0141	0.0339
36.0000	0.9271	0.0208	0.0152	0.0368
37.0000	0.9213	0.0224	0.0164	0.0400
38.0000	0.9150	0.0240	0.0176	0.0434
39.0000	0.9084	0.0257	0.0189	0.0470
40.0000	0.9013	0.0274	0.0203	0.0510
41.0000	0.8937	0.0293	0.0218	0.0552
42.0000	0.8857	0.0313	0.0233	0.0597
43.0000	0.8772	0.0333	0.0250	0.0645
44.0000	0.8682	0.0355	0.0267	0.0697
45.0000	0.8587	0.0377	0.0285	0.0752
46.0000	0.8486	0.0400	0.0304	0.0811
47.0000	0.8381	0.0423	0.0323	0.0873
48.0000	0.8270	0.0447	0.0343	0.0940
49.0000	0.8153	0.0471	0.0365	0.1011
50.0000	0.8032	0.0496	0.0386	0.1086
51.0000	0.7905	0.0521	0.0408	0.1165
52.0000	0.7774	0.0546	0.0431	0.1249
53.0000	0.7637	0.0571	0.0454	0.1338
54.0000	0.7496	0.0595	0.0478	0.1431
55.0000	0.7351	0.0619	0.0501	0.1529
56.0000	0.7201	0.0642	0.0525	0.1631
57.0000	0.7049	0.0664	0.0548	0.1739
58.0000	0.6893	0.0686	0.0571	0.1851
59.0000	0.6734	0.0705	0.0594	0.1967
60.0000	0.6573	0.0723	0.0616	0.2088
61.0000	0.6410	0.0740	0.0637	0.2213
62.0000	0.6246	0.0754	0.0657	0.2343
63.0000	0.6082	0.0766	0.0676	0.2476
64.0000	0.5918	0.0776	0.0693	0.2613
65.0000	0.5754	0.0784	0.0709	0.2753
66.0000	0.5592	0.0789	0.0723	0.2896
67.0000	0.5431	0.0792	0.0735	0.3042
68.0000	0.5273	0.0792	0.0745	0.3190
69.0000	0.5117	0.0789	0.0754	0.3340
70.0000	0.4964	0.0784	0.0760	0.3492
71.0000	0.4815	0.0777	0.0764	0.3644
72.0000	0.4670	0.0768	0.0765	0.3797
73.0000	0.4529	0.0756	0.0765	0.3950
74.0000	0.4393	0.0742	0.0762	0.4103
75.0000	0.4262	0.0727	0.0757	0.4254
76.0000	0.4135	0.0710	0.0750	0.4405
77.0000	0.4014	0.0691	0.0741	0.4554
78.0000	0.3897	0.0671	0.0730	0.4701
79.0000	0.3786	0.0650	0.0717	0.4846
80.0000	0.3680	0.0628	0.0703	0.4988
81.0000	0.3579	0.0606	0.0688	0.5127
82.0000	0.3483	0.0583	0.0671	0.5263
83.0000	0.3392	0.0560	0.0653	0.5396
84.0000	0.3306	0.0536	0.0634	0.5524
85.0000	0.3225	0.0513	0.0614	0.5649
86.0000	0.3148	0.0490	0.0593	0.5770
87.0000	0.3075	0.0466	0.0572	0.5886
88.0000	0.3007	0.0444	0.0551	0.5998
89.0000	0.2943	0.0422	0.0529	0.6106
90.0000	0.2882	0.0400	0.0508	0.6210
91.0000	0.2825	0.0379	0.0486	0.6310
92.0000	0.2772	0.0358	0.0465	0.6405
93.0000	0.2722	0.0338	0.0444	0.6496
94.0000	0.2676	0.0319	0.0423	0.6582
95.0000	0.2632	0.0301	0.0402	0.6665
96.0000	0.2591	0.0284	0.0382	0.6743
97.0000	0.2552	0.0267	0.0363	0.6818
98.0000	0.2517	0.0251	0.0344	0.6888
99.0000	0.2483	0.0236	0.0326	0.6955
100.0000	0.2452	0.0221	0.0308	0.7019
101.0000	0.2423	0.0208	0.0291	0.7079
102.0000	0.2395	0.0195	0.0275	0.7135
103.0000	0.2370	0.0182	0.0259	0.7189
104.0000	0.2346	0.0171	0.0244	0.7239
105.0000	0.2324	0.0160	0.0230	0.7286
106.0000	0.2303	0.0150	0.0216	0.7331
107.0000	0.2284	0.0140	0.0203	0.7373
108.0000	0.2266	0.0131	0.0191	0.7412
109.0000	0.2250	0.0122	0.0179	0.7449
110.0000	0.2234	0.0114	0.0168	0.7484
111.0000	0.2220	0.0107	0.0158	0.7516
112.0000	0.2206	0.0099	0.0148	0.7547
113.0000	0.2194	0.0093	0.0138	0.7575
114.0000	0.2182	0.0087	0.0129	0.7602
115.0000	0.2171	0.0081	0.0121	0.7627
116.0000	0.2161	0.0075	0.0113	0.7651
117.0000	0.2151	0.0070	0.0106	0.7673
118.0000	0.2143	0.0065	0.0099	0.7693
119.0000	0.2134	0.0061	0.0092	0.7712
120.0000	0.2127	0.0057	0.0086	0.7730
121.0000	0.2120	0.0053	0.0081	0.7747
122.0000	0.2113	0.0049	0.0075	0.7762
123.0000	0.2107	0.0046	0.0070	0.7777
124.0000	0.2101	0.0043	0.0066	0.7790
125.0000	0.2096	0.0040	0.0061	0.7803
126.0000	0.2091	0.0037	0.0057	0.7815
127.0000	0.2086	0.0035	0.0053	0.7826
128.0000	0.2082	0.0032	0.0050	0.7836
129.0000	0.2078	0.0030	0.0046	0.7846
130.0000	0.2074	0.0028	0.0043	0.7855
131.0000	0.2071	0.0026	0.0040	0.7863
132.0000	0.2068	0.0024	0.0037	0.7871
133.0000	0.2065	0.0022	0.0035	0.7878
134.0000	0.2062	0.0021	0.0032	0.7885
135.0000	0.2059	0.0019	0.0030	0.7891
136.0000	0.2057	0.0018	0.0028	0.7897
137.0000	0.2055	0.0017	0.0026	0.7902
138.0000	0.2053	0.0016	0.0024	0.7907
139.0000	0.2051	0.0015	0.0023	0.7912
140.0000	0.2049	0.0014	0.0021	0.7916
141.0000	0.2047	0.0013	0.0020	0.7921
142.0000	0.2046	0.0012	0.0018	0.7924
143.0000	0.2044	0.0011	0.0017	0.7928
144.0000	0.2043	0.0010	0.0016	0.7931
145.0000	0.2042	0.0009	0.0015	0.7934
146.0000	0.2040	0.0009	0.0014	0.7937
147.0000	0.2039	0.0008	0.0013	0.7940
148.0000	0.2038	0.0008	0.0012	0.7942
149.0000	0.2037	0.0007	0.0011	0.7944
150.0000	0.2037	0.0007	0.0010	0.7947
151.0000	0.2036	0.0006	0.0010	0.7949
152.0000	0.2035	0.0006	0.0009	0.7950
153.0000	0.2034	0.0005	0.0008	0.7952
154.0000	0.2034	0.0005	0.0008	0.7954
155.0000	0.2033	0.0005	0.0007	0.7955
156.0000	0.2033	0.0004	0.0007	0.7957
157.0000	0.2032	0.0004	0.0006	0.7958
158.0000	0.2031	0.0004	0.0006	0.7959
159.0000	0.2031	0.0003	0.0005	0.7960
160.0000	0.2031	0.0003	0.0005	0.7961
161.0000	0.2030	0.0003	0.0005	0.7962
162.0000	0.2030	0.0003	0.0004	0.7963
163.0000	0.2030	0.0003	0.0004	0.7964
164.0000	0.2029	0.0002	0.0004	0.7965
165.0000	0.2029	0.0002	0.0003	0.7965
166.0000	0.2029	0.0002	0.0003	0.7966
167.0000	0.2028	0.0002	0.0003	0.7967
168.0000	0.2028	0.0002	0.0003	0.7967
169.0000	0.2028	0.0002	0.0003	0.7968
170.0000	0.2028	0.0002	0.0002	0.7968
171.0000	0.2028	0.0001	0.0002	0.7969
172.0000	0.2027	0.0001	0.0002	0.7969
173.0000	0.2027	0.0001	0.0002	0.7970
174.0000	0.2027	0.0001	0.0002	0.7970
175.0000	0.2027	0.0001	0.0002	0.7970
176.0000	0.2027	0.0001	0.0002	0.7971
177.0000	0.2027	0.0001	0.0001	0.7971
178.0000	0.2027	0.0001	0.0001	0.7971
179.0000	0.2026	0.0001	0.0001	0.7971
180.0000	0.2026	0.0001	0.0001	0.7972
181.0000	0.2026	0.0001	0.0001	0.7972
182.0000	0.2026	0.0001	0.0001	0.7972
183.0000	0.2026	0.0001	0.0001	0.7972
184.0000	0.2026	0.0001	0.0001	0.7973
185.0000	0.2026	0.0001	0.0001	0.7973
186.0000	0.2026	0.0000	0.0001	0.7973
187.0000	0.2026	0.0000	0.0001	0.7973
188.0000	0.2026	0.0000	0.0001	0.7973
189.0000	0.2026	0.0000	0.0001	0.7973
190.0000	0.2026	0.0000	0.0001	0.7973
191.0000	0.2026	0.0000	0.0001	0.7974
192.0000	0.2026	0.0000	0.0000	0.7974
193.0000	0.2026	0.0000	0.0000	0.7974
194.0000	0.2026	0.0000	0.0000	0.7974
195.0000	0.2025	0.0000	0.0000	0.7974
196.0000	0.2025	0.0000	0.0000	0.7974
197.0000	0.2025	0.0000	0.0000	0.7974
198.0000	0.2025	0.0000	0.0000	0.7974
199.0000	0.2025	0.0000	0.0000	0.7974
200.0000	0.2025	0.0000	0.0000	0.7974
201.0000	0.2025	0.0000	0.0000	0.7974
202.0000	0.2025	0.0000	0.0000	0.7974
203.0000	0.2025	0.0000	0.0000	0.7974
204.0000	0.2025	0.0000	0.0000	0.7974
205.0000	0.2025	0.0000	0.0000	0.7974
206.0000	0.2025	0.0000	0.0000	0.7974
207.0000	0.2025	0.0000	0.0000	0.7974
208.0000	0.2025	0.0000	0.0000	0.7975
209.0000	0.2025	0.0000	0.0000	0.7975
210.0000	0.2025	0.0000	0.0000	0.7975
211.0000	0.2025	0.0000	0.0000	0.7975
212.0000	0.2025	0.0000	0.0000	0.7975
213.0000	0.2025	0.0000	0.0000	0.7975
214.0000	0.2025	0.0000	0.0000	0.7975
215.0000	0.2025	0.0000	0.0000	0.7975
216.0000	0.2025	0.0000	0.0000	0.7975
217.0000	0.2025	0.0000	0.0000	0.7975
218.0000	0.2025	0.0000	0.0000	0.7975
219.0000	0.2025	0.0000	0.0000	0.7975
220.0000	0.2025	0.0000	0.0000	0.7975
221.0000	0.2025	0.0000	0.0000	0.7975
222.0000	0.2025	0.0000	0.0000	0.7975
223.0000	0.2025	0.0000	0.0000	0.7975
224.0000	0.2025	0.0000	0.0000	0.7975
225.0000	0.2025	0.0000	0.0000	0.7975
226.0000	0.2025	0.0000	0.0000	0.7975
227.0000	0.2025	0.0000	0.0000	0.7975
228.0000	0.2025	0.0000	0.0000	0.7975
229.0000	0.2025	0.0000	0.0000	0.7975
230.0000	0.2025	0.0000	0.0000	0.7975
231.0000	0.2025	0.0000	0.0000	0.7975
232.0000	0.2025	0.0000	0.0000	0.7975
233.0000	0.2025	0.0000	0.0000	0.7975
234.0000	0.2025	0.0000	0.0000	0.7975
235.0000	0.2025	0.0000	0.0000	0.7975
236.0000	0.2025	0.0000	0.0000	0.7975
237.0000	0.2025	0.0000	0.0000	0.7975
238.0000	0.2025	0.0000	0.0000	0.7975
239.0000	0.2025	0.0000	0.0000	0.7975
240.0000	0.2025	0.0000	0.0000	0.7975
241.0000	0.2025	0.0000	0.0000	0.7975
242.0000	0.2025	0.0000	0.0000	0.7975
243.0000	0.2025	0.0000	0.0000	0.7975
244.0000	0.2025	0.0000	0.0000	0.7975
245.0000	0.2025	0.0000	0.0000	0.7975
246.0000	0.2025	0.0000	0.0000	0.7975
247.0000	0.2025	0.0000	0.0000	0.7975
248.0000	0.2025	0.0000	0.0000	0.7975
249.0000	0.2025	0.0000	0.0000	0.7975
250.0000	0.2025	0.0000	0.0000	0.7975
251.0000	0.2025	0.0000	0.0000	0.7975
252.0000	0.2025	0.0000	0.0000	0.7975
253.0000	0.2025	0.0000	0.0000	0.7975
254.0000	0.2025	0.0000	0.0000	0.7975
255.0000	0.2025	0.0000	0.0000	0.7975
256.0000	0.2025	0.0000	0.0000	0.7975
257.0000	0.2025	0.0000	0.0000	0.7975
258.0000	0.2025	0.0000	0.0000	0.7975
259.0000	0.2025	0.0000	0.0000	0.7975
260.0000	0.2025	0.0000	0.0000	0.7975
261.0000	0.2025	0.0000	0.0000	0.7975
262.0000	0.2025	0.0000	0.0000	0.7975
263.0000	0.2025	0.0000	0.0000	0.7975
264.0000	0.2025	0.0000	0.0000	0.7975
265.0000	0.2025	0.0000	0.0000	0.7975
266.0000	0.2025	0.0000	0.0000	0.7975
267.0000	0.2025	0.0000	0.0000	0.7975
268.0000	0.2025	0.0000	0.0000	0.7975
269.0000	0.2025	0.0000	0.0000	0.7975
270.0000	0.2025	0.0000	0.0000	0.7975
271.0000	0.2025	0.0000	0.0000	0.7975
272.0000	0.2025	0.0000	0.0000	0.7975
273.0000	0.2025	0.0000	0.0000	0.7975
274.0000	0.2025	0.0000	0.0000	0.7975
275.0000	0.2025	0.0000	0.0000	0.7975
276.0000	0.2025	0.0000	0.0000	0.7975
277.0000	0.2025	0.0000	0.0000	0.7975
278.0000	0.2025	0.0000	0.0000	0.7975
279.0000	0.2025	0.0000	0.0000	0.7975
280.0000	0.2025	0.0000	0.0000	0.7975
281.0000	0.2025	0.0000	0.0000	0.7975
282.0000	0.2025	0.0000	0.0000	0.7975
283.0000	0.2025	0.0000	0.0000	0.7975
284.0000	0.2025	0.0000	0.0000	0.7975
285.0000	0.2025	0.0000	0.0000	0.7975
286.0000	0.2025	0.0000	0.0000	0.7975
287.0000	0.2025	0.0000	0.0000	0.7975
288.0000	0.2025	0.0000	0.0000	0.7975
289.0000	0.2025	0.0000	0.0000	0.7975
290.0000	0.2025	0.0000	0.0000	0.7975
291.0000	0.2025	0.0000	0.0000	0.7975
292.0000	0.2025	0.0000	0.0000	0.7975
293.0000	0.2025	0.0000	0.0000	0.7975
294.0000	0.2025	0.0000	0.0000	0.7975
295.0000	0.2025	0.0000	0.0000	0.7975
296.0000	0.2025	0.0000	0.0000	0.7975
297.0000	0.2025	0.0000	0.0000	0.7975
298.0000	0.2025	0.0000	0.0000	0.7975
299.0000	0.2025	0.0000	0.0000	0.7975
300.0000	0.2025	0.0000	0.0000	0.7975
301.0000	0.2025	0.0000	0.0000	0.7975
302.0000	0.2025	0.0000	0.0000	0.7975
303.0000	0.2025	0.0000	0.0000	0.7975
304.0000	0.2025	0.0000	0.0000	0.7975
305.0000	0.2025	0.0000	0.0000	0.7975
306.0000	0.2025	0.0000	0.0000	0.7975
307.0000	0.2025	0.0000	0.0000	0.7975
308.0000	0.2025	0.0000	0.0000	0.7975
309.0000	0.2025	0.0000	0.0000	0.7975
310.0000	0.2025	0.0000	0.0000	0.7975
311.0000	0.2025	0.0000	0.0000	0.7975
312.0000	0.2025	0.0000	0.0000	0.7975
313.0000	0.2025	0.0000	0.0000	0.7975
314.0000	0.2025	0.0000	0.0000	0.7975
315.0000	0.2025	0.0000	0.0000	0.7975
316.0000	0.2025	0.0000	0.0000	0.7975
317.0000	0.2025	0.0000	0.0000	0.7975
318.0000	0.2025	0.0000	0.0000	0.7975
319.0000	0.2025	0.0000	0.0000	0.7975
320.0000	0.2025	0.0000	0.0000	0.7975
321.0000	0.2025	0.0000	0.0000	0.7975
322.0000	0.2025	0.0000	0.0000	0.7975
323.0000	0.2025	0.0000	0.0000	0.7975
324.0000	0.2025	0.0000	0.0000	0.7975
325.0000	0.2025	0.0000	0.0000	0.7975
326.0000	0.2025	0.0000	0.0000	0.7975
327.0000	0.2025	0.0000	0.0000	0.7975
328.0000	0.2025	0.0000	0.0000	0.7975
329.0000	0.2025	0.0000	0.0000	0.7975
330.0000	0.2025	0.0000	0.0000	0.7975
331.0000	0.2025	0.0000	0.0000	0.7975
332.0000	0.2025	0.0000	0.0000	0.7975
333.0000	0.2025	0.0000	0.0000	0.7975
334.0000	0.2025	0.0000	0.0000	0.7975
335.0000	0.2025	0.0000	0.0000	0.7975
336.0000	0.2025	0.0000	0.0000	0.7975
337.0000	0.2025	0.0000	0.0000	0.7975
338.0000	0.2025	0.0000	0.0000	0.7975
339.0000	0.2025	0.0000	0.0000	0.7975
340.0000	0.2025	0.0000	0.0000	0.7975
341.0000	0.2025	0.0000	0.0000	0.7975
342.0000	0.2025	0.0000	0.0000	0.7975
343.0000	0.2025	0.0000	0.0000	0.7975
344.0000	0.2025	0.0000	0.0000	0.7975
345.0000	0.2025	0.0000	0.0000	0.7975
346.0000	0.2025	0.0000	0.0000	0.7975
347.0000	0.2025	0.0000	0.0000	0.7975
348.0000	0.2025	0.0000	0.0000	0.7975
349.0000	0.2025	0.0000	0.0000	0.7975
350.0000	0.2025	0.0000	0.0000	0.7975
351.0000	0.2025	0.0000	0.0000	0.7975
352.0000	0.2025	0.0000	0.0000	0.7975
353.0000	0.2025	0.0000	0.0000	0.7975
354.0000	0.2025	0.0000	0.0000	0.7975
355.0000	0.2025	0.0000	0.0000	0.7975
356.0000	0.2025	0.0000	0.0000	0.7975
357.0000	0.2025	0.0000	0.0000	0.7975
358.0000	0.2025	0.0000	0.0000	0.7975
359.0000	0.2025	0.0000	0.0000	0.7975
360.0000	0.2025	0.0000	0.0000	0.7975
361.0000	0.2025	0.0000	0.0000	0.7975
362.0000	0.2025	0.0000	0.0000	0.7975
363.0000	0.2025	0.0000	0.0000	0.7975
364.0000	0.2025	0.0000	0.0000	0.7975
365.0000	0.2025	0.0000	0.0000	0.7975
366.0000	0.2025	0.0000	0.0000	0.7975
367.0000	0.2025	0.0000	0.0000	0.7975
368.0000	0.2025	0.0000	0.0000	0.7975
369.0000	0.2025	0.0000	0.0000	0.7975
370.0000	0.2025	0.0000	0.0000	0.7975
371.0000	0.2025	0.0000	0.0000	0.7975
372.0000	0.2025	0.0000	0.0000	0.7975
373.0000	0.2025	0.0000	0.0000	0.7975
374.0000	0.2025	0.0000	0.0000	0.7975
375.0000	0.2025	0.0000	0.0000	0.7975
376.0000	0.2025	0.0000	0.0000	0.7975
377.0000	0.2025	0.0000	0.0000	0.7975
378.0000	0.2025	0.0000	0.0000	0.7975
379.0000	0.2025	0.0000	0.0000	0.7975
380.0000	0.2025	0.0000	0.0000	0.7975
381.0000	0.2025	0.0000	0.0000	0.7975
382.0000	0.2025	0.0000	0.0000	0.7975
383.0000	0.2025	0.0000	0.0000	0.7975
384.0000	0.2025	0.0000	0.0000	0.7975
385.0000	0.2025	0.0000	0.0000	0.7975
386.0000	0.2025	0.0000	0.0000	0.7975
387.0000	0.2025	0.0000	0.0000	0.7975
388.0000	0.2025	0.0000	0.0000	0.7975
389.0000	0.2025	0.0000	0.0000	0.7975
390.0000	0.2025	0.0000	0.0000	0.7975
391.0000	0.2025	0.0000	0.0000	0.7975
392.0000	0.2025	0.0000	0.0000	0.7975
393.0000	0.2025	0.0000	0.0000	0.7975
394.0000	0.2025	0.0000	0.0000	0.7975
395.0000	0.2025	0.0000	0.0000	0.7975
396.0000	0.2025	0.0000	0.0000	0.7975
397.0000	0.2025	0.0000	0.0000	0.7975
398.0000	0.2025	0.0000	0.0000	0.7975
399.0000	0.2025	0.0000	0.0000	0.7975
400.0000	0.2025	0.0000	0.0000	0.7975
401.0000	0.2025	0.0000	0.0000	0.7975
402.0000	0.2025	0.0000	0.0000	0.7975
403.0000	0.2025	0.0000	0.0000	0.7975
404.0000	0.2025	0.0000	0.0000	0.7975
405.0000	0.2025	0.0000	0.0000	0.7975
406.0000	0.2025	0.0000	0.0000	0.7975
407.0000	0.2025	0.0000	0.0000	0.7975
408.0000	0.2025	0.0000	0.0000	0.7975
409.0000	0.2025	0.0000	0.0000	0.7975
410.0000	0.2025	0.0000	0.0000	0.7975
411.0000	0.2025	0.0000	0.0000	0.7975
412.0000	0.2025	0.0000	0.0000	0.7975
413.0000	0.2025	0.0000	0.0000	0.7975
414.0000	0.2025	0.0000	0.0000	0.7975
415.0000	0.2025	0.0000	0.0000	0.7975
416.0000	0.2025	0.0000	0.0000	0.7975
417.0000	0.2025	0.0000	0.0000	0.7975
418.0000	0.2025	0.0000	0.0000	0.7975
419.0000	0.2025	0.0000	0.0000	0.7975
420.0000	0.2025	0.0000	0.0000	0.7975
421.0000	0.2025	0.0000	0.0000	0.7975
422.0000	0.2025	0.0000	0.0000	0.7975
423.0000	0.2025	0.0000	0.0000	0.7975
424.0000	0.2025	0.0000	0.0000	0.7975
425.0000	0.2025	0.0000	0.0000	0.7975
426.0000	0.2025	0.0000	0.0000	0.7975
427.0000	0.2025	0.0000	0.0000	0.7975
428.0000	0.2025	0.0000	0.0000	0.7975
429.0000	0.2025	0.0000	0.0000	0.7975
430.0000	0.2025	0.0000	0.0000	0.7975
431.0000	0.2025	0.0000	0.0000	0.7975
432.0000	0.2025	0.0000	0.0000	0.7975
433.0000	0.2025	0.0000	0.0000	0.7975
434.0000	0.2025	0.0000	0.0000	0.7975
435.0000	0.2025	0.0000	0.0000	0.7975
436.0000	0.2025	0.0000	0.0000	0.7975
437.0000	0.2025	0.0000	0.0000	0.7975
438.0000	0.2025	0.0000	0.0000	0.7975
439.0000	0.2025	0.0000	0.0000	0.7975
440.0000	0.2025	0.0000	0.0000	0.7975
441.0000	0.2025	0.0000	0.0000	0.7975
442.0000	0.2025	0.0000	0.0000	0.7975
443.0000	0.2025	0.0000	0.0000	0.7975
444.0000	0.2025	0.0000	0.0000	0.7975
445.0000	0.2025	0.0000	0.0000	0.7975
446.0000	0.2025	0.0000	0.0000	0.7975
447.0000	0.2025	0.0000	0.0000	0.7975
448.0000	0.2025	0.0000	0.0000	0.7975
449.0000	0.2025	0.0000	0.0000	0.7975
450.0000	0.2025	0.0000	0.0000	0.7975
451.0000	0.2025	0.0000	0.0000	0.7975
452.0000	0.2025	0.0000	0.0000	0.7975
453.0000	0.2025	0.0000	0.0000	0.7975
454.0000	0.2025	0.0000	0.0000	0.7975
455.0000	0.2025	0.0000	0.0000	0.7975
456.0000	0.2025	0.0000	0.0000	0.7975
457.0000	0.2025	0.0000	0.0000	0.7975
458.0000	0.2025	0.0000	0.0000	0.7975
459.0000	0.2025	0.0000	0.0000	0.7975
460.0000	0.2025	0.0000	0.0000	0.7975
461.0000	0.2025	0.0000	0.0000	0.7975
462.0000	0.2025	0.0000	0.0000	0.7975
463.0000	0.2025	0.0000	0.0000	0.7975
464.0000	0.2025	0.0000	0.0000	0.7975
465.0000	0.2025	0.0000	0.0000	0.7975
466.0000	0.2025	0.0000	0.0000	0.7975
467.0000	0.2025	0.0000	0.0000	0.7975
468.0000	0.2025	0.0000	0.0000	0.7975
469.0000	0.2025	0.0000	0.0000	0.7975
470.0000	0.2025	0.0000	0.0000	0.7975
471.0000	0.2025	0.0000	0.0000	0.7975
472.0000	0.2025	0.0000	0.0000	0.7975
473.0000	0.2025	0.0000	0.0000	0.7975
474.0000	0.2025	0.0000	0.0000	0.7975
475.0000	0.2025	0.0000	0.0000	0.7975
476.0000	0.2025	0.0000	0.0000	0.7975
477.0000	0.2025	0.0000	0.0000	0.7975
478.0000	0.2025	0.0000	0.0000	0.7975
479.0000	0.2025	0.0000	0.0000	0.7975
480.0000	0.2025	0.0000	0.0000	0.7975
481.0000	0.2025	0.0000	0.0000	0.7975
482.0000	0.2025	0.0000	0.0000	0.7975
483.0000	0.2025	0.0000	0.0000	0.7975
484.0000	0.2025	0.0000	0.0000	0.7975
485.0000	0.2025	0.0000	0.0000	0.7975
486.0000	0.2025	0.0000	0.0000	0.7975
487.0000	0.2025	0.0000	0.0000	0.7975
488.0000	0.2025	0.0000	0.0000	0.7975
489.0000	0.2025	0.0000	0.0000	0.7975
490.0000	0.2025	0.0000	0.0000	0.7975
491.0000	0.2025	0.0000	0.0000	0.7975
492.0000	0.2025	0.0000	0.0000	0.7975
493.0000	0.2025	0.0000	0.0000	0.7975
494.0000	0.2025	0.0000	0.0000	0.7975
495.0000	0.2025	0.0000	0.0000	0.7975
496.0000	0.2025	0.0000	0.0000	0.7975
497.0000	0.2025	0.0000	0.0000	0.7975
498.0000	0.2025	0.0000	0.0000	0.7975
499.0000	0.2025	0.0000	0.0000	0.7975
